DistanceNodes:
[
0	11	9	7	13	5	24	17	17	21	13	21
11	0	10	6	6	14	17	10	10	14	6	14
9	10	0	14	6	6	17	10	10	14	6	14
7	6	14	0	10	10	21	14	14	18	10	18
13	6	6	10	0	10	13	6	6	10	2	10
5	14	6	10	10	0	21	14	14	18	10	18
24	17	17	21	13	21	0	11	9	7	13	5
17	10	10	14	6	14	11	0	10	6	6	14
17	10	10	14	6	14	9	10	0	14	6	6
21	14	14	18	10	18	7	6	14	0	10	10
13	6	6	10	2	10	13	6	6	10	0	10
21	14	14	18	10	18	5	14	6	10	10	0
]