DistanceNodes:
[
0	11	9	7	13	5	11	20	12	16	16	8	24	17	17	21	13	21	27	20	20	24	16	24	22	16	15	16	17	18
11	0	10	6	6	14	20	20	17	24	16	17	17	10	10	14	6	14	20	20	17	24	16	17	30	10	8	9	10	11
9	10	0	14	6	6	12	17	9	17	13	9	17	10	8	14	6	14	20	17	14	21	13	17	23	7	7	8	9	10
7	6	14	0	10	10	16	24	17	21	20	13	21	14	14	18	10	18	24	24	21	28	20	21	27	14	12	13	14	15
13	6	6	10	0	10	16	16	13	20	12	13	13	6	6	10	2	10	16	16	13	20	12	13	26	6	4	5	6	7
5	14	6	10	10	0	8	17	9	13	13	5	21	14	14	18	10	18	24	17	17	21	13	21	19	13	12	13	14	15
11	20	12	16	16	8	0	11	9	7	13	5	27	20	20	24	16	24	24	17	17	21	13	21	13	16	15	16	17	18
20	20	17	24	16	17	11	0	10	6	6	14	20	20	17	24	16	17	17	10	10	14	6	14	12	10	8	9	10	11
12	17	9	17	13	9	9	10	0	14	6	6	20	17	14	21	13	17	17	10	8	14	6	14	20	7	7	8	9	10
16	24	17	21	20	13	7	6	14	0	10	10	24	24	21	28	20	21	21	14	14	18	10	18	8	14	12	13	14	15
16	16	13	20	12	13	13	6	6	10	0	10	16	16	13	20	12	13	13	6	6	10	2	10	16	6	4	5	6	7
8	17	9	13	13	5	5	14	6	10	10	0	24	17	17	21	13	21	21	14	14	18	10	18	16	13	12	13	14	15
24	17	17	21	13	21	27	20	20	24	16	24	0	11	9	7	13	5	11	20	12	16	16	8	30	16	15	16	17	18
17	10	10	14	6	14	20	20	17	24	16	17	11	0	10	6	6	14	20	20	17	24	16	17	30	10	8	9	10	11
17	10	8	14	6	14	20	17	14	21	13	17	9	10	0	14	6	6	12	17	9	17	13	9	27	7	7	8	9	10
21	14	14	18	10	18	24	24	21	28	20	21	7	6	14	0	10	10	16	24	17	21	20	13	34	14	12	13	14	15
13	6	6	10	2	10	16	16	13	20	12	13	13	6	6	10	0	10	16	16	13	20	12	13	26	6	4	5	6	7
21	14	14	18	10	18	24	17	17	21	13	21	5	14	6	10	10	0	8	17	9	13	13	5	27	13	12	13	14	15
27	20	20	24	16	24	24	17	17	21	13	21	11	20	12	16	16	8	0	11	9	7	13	5	27	16	15	16	17	18
20	20	17	24	16	17	17	10	10	14	6	14	20	20	17	24	16	17	11	0	10	6	6	14	20	10	8	9	10	11
20	17	14	21	13	17	17	10	8	14	6	14	12	17	9	17	13	9	9	10	0	14	6	6	20	7	7	8	9	10
24	24	21	28	20	21	21	14	14	18	10	18	16	24	17	21	20	13	7	6	14	0	10	10	24	14	12	13	14	15
16	16	13	20	12	13	13	6	6	10	2	10	16	16	13	20	12	13	13	6	6	10	0	10	16	6	4	5	6	7
24	17	17	21	13	21	21	14	14	18	10	18	8	17	9	13	13	5	5	14	6	10	10	0	24	13	12	13	14	15
22	30	23	27	26	19	13	12	20	8	16	16	30	30	27	34	26	27	27	20	20	24	16	24	0	20	18	19	20	21
16	10	7	14	6	13	16	10	7	14	6	13	16	10	7	14	6	13	16	10	7	14	6	13	20	0	6	7	8	9
15	8	7	12	4	12	15	8	7	12	4	12	15	8	7	12	4	12	15	8	7	12	4	12	18	6	0	1	2	3
16	9	8	13	5	13	16	9	8	13	5	13	16	9	8	13	5	13	16	9	8	13	5	13	19	7	1	0	1	2
17	10	9	14	6	14	17	10	9	14	6	14	17	10	9	14	6	14	17	10	9	14	6	14	20	8	2	1	0	1
18	11	10	15	7	15	18	11	10	15	7	15	18	11	10	15	7	15	18	11	10	15	7	15	21	9	3	2	1	0
]